
---
---
503	2
505	2
507	1
511	2
513	2
515	2
519	2
521	2
523	2
525	1
527	1
529	1
531	1
533	1
551	1
553	1
559	1
563	0
565	1
567	1
569	0
575	0
581	0
597	0
603	0
621	0
631	0
633	0
635	0
637	0
639	0
641	0
647	0
649	0
653	0
655	0
659	0
660	0
---
3	0
11	0
19	0
25	0
31	0
41	0
55	0
75	0
87	0
97	0
107	0
121	0
135	1
137	1
139	1
143	1
145	1
147	1
151	1
153	1
159	1
165	1
167	1
171	1
173	1
177	1
179	1
183	1
185	1
189	1
193	1
195	1
199	1
203	1
207	1
211	1
213	1
219	1
223	1
227	1
231	1
235	1
239	1
243	1
245	1
249	1
251	1
253	1
257	1
259	1
263	2
267	1
269	2
271	1
273	1
277	1
279	1
281	1
287	1
289	1
291	1
293	1
295	1
297	1
299	1
301	1
303	1
305	1
307	1
309	1
311	1
313	1
315	1
317	1
319	1
321	0
325	0
343	0
353	0
377	0
391	0
401	0
411	0
427	0
429	0
435	1
439	1
441	1
445	1
449	1
451	1
455	1
459	1
463	1
467	1
471	1
475	1
477	2
481	1
485	1
487	2
489	2
491	2
493	2
495	2
497	2
499	2
501	2
503	2
505	2
507	1
511	2
513	2
515	2
519	2
521	2
523	2
525	1
527	1
529	1
535	1
537	1
539	1
541	1
543	1
545	1
547	1
553	1
555	0
559	1
565	1
567	1
569	1
573	0
579	0
585	0
601	0
607	0
613	0
629	0
641	0
643	0
649	0
651	0
655	0
657	0
659	0
661	0
---
5	0
13	0
21	0
27	0
37	0
51	0
91	0
101	0
113	0
119	0
129	1
133	1
135	1
137	1
143	1
145	1
151	1
153	1
157	1
159	1
163	1
165	1
171	1
177	1
183	1
187	1
189	1
193	1
197	1
199	1
203	1
207	1
211	1
215	1
217	2
221	1
225	1
227	1
229	1
233	1
237	1
241	1
243	1
247	1
249	1
253	1
255	1
257	1
261	1
263	2
265	1
267	1
269	2
275	1
277	1
283	1
285	1
287	1
295	1
299	1
301	1
303	1
305	1
307	1
309	1
311	1
313	1
315	1
317	1
319	1
321	1
323	1
337	0
357	0
363	0
369	0
375	0
399	0
409	0
423	0
433	1
435	1
439	1
445	1
449	1
453	1
455	1
459	1
463	1
467	1
471	1
475	1
477	2
481	1
483	1
487	2
489	2
491	2
493	2
495	2
497	2
499	2
501	2
503	2
505	2
507	1
511	2
513	2
515	2
517	1
519	2
521	2
523	2
525	1
527	1
529	1
531	1
537	1
539	1
541	1
543	1
545	1
547	1
553	1
555	0
559	1
565	1
567	1
569	1
573	0
579	0
585	0
595	0
601	0
607	0
619	0
627	0
643	0
645	0
647	0
651	0
653	0
657	0
659	0
660	0
661	0
---
Exiting...
