
---
---
---
---
---
289	1
293	1
297	1
301	1
305	1
309	0
313	1
325	0
397	0
417	0
421	0
437	1
441	1
449	1
457	1
465	1
473	1
481	1
485	1
489	2
493	2
497	2
501	2
505	2
509	1
513	2
517	1
521	2
529	1
533	1
537	1
541	1
553	1
565	1
569	0
573	0
577	0
589	0
593	0
609	0
629	0
633	0
637	0
649	0
653	0
658	0
659	0
660	0
661	0
---
13	0
25	0
37	0
65	0
73	0
101	0
113	0
129	0
133	1
141	1
145	1
149	1
157	1
161	1
169	1
173	1
181	1
185	1
193	1
201	1
205	1
209	1
213	1
217	1
225	1
233	1
241	1
245	1
257	1
261	1
269	2
277	1
281	1
285	1
301	1
305	1
309	0
313	1
345	0
357	0
381	0
397	0
421	0
425	0
437	1
445	1
449	1
453	1
457	1
465	1
473	1
477	1
485	1
489	2
493	2
497	2
501	2
505	2
509	1
513	2
517	1
521	2
525	1
529	1
533	1
537	1
541	1
545	1
549	1
565	1
569	1
577	0
581	0
593	0
597	0
613	0
633	0
637	0
645	0
649	0
653	0
658	0
659	0
660	0
661	0
---
13	0
25	0
37	0
101	0
113	0
129	0
133	1
145	1
149	1
157	1
161	1
169	1
173	1
181	1
185	1
193	1
201	1
205	1
209	1
213	1
217	1
225	1
233	1
241	1
245	1
257	1
261	1
269	2
277	1
281	1
285	1
297	1
301	1
305	1
309	0
313	1
345	0
397	0
417	0
437	1
441	1
449	1
457	1
465	1
473	1
481	1
485	1
489	2
493	2
497	2
501	2
505	2
509	1
513	2
517	1
521	2
525	1
529	1
533	1
537	1
541	1
545	1
549	1
553	1
561	0
565	1
569	1
573	0
577	0
593	0
597	0
613	0
629	0
633	0
637	0
649	0
653	0
658	0
659	0
660	0
661	0
---
Exiting...
