
---
279	1
280	1
282	1
283	1
284	1
285	1
288	1
289	1
290	1
291	1
292	1
296	1
297	1
299	1
300	1
301	1
302	1
303	1
304	1
305	1
306	1
320	1
331	0
333	0
340	0
342	0
347	0
352	0
360	0
363	0
366	0
369	0
372	0
379	0
386	0
390	0
394	0
399	0
404	0
409	0
415	0
422	0
433	0
434	0
435	0
436	0
437	0
438	1
440	1
441	1
443	1
445	1
446	1
448	1
450	1
452	1
453	1
455	1
457	1
459	1
460	1
461	1
462	1
464	1
466	1
468	1
470	1
472	1
474	1
475	1
476	1
477	1
479	1
481	1
483	1
484	1
485	1
486	1
488	2
489	1
490	2
491	2
492	2
493	2
494	2
495	2
496	2
497	2
498	2
499	2
500	2
501	2
502	2
503	2
504	2
505	2
506	2
507	1
509	1
510	2
511	2
512	2
513	2
514	2
515	2
516	2
517	2
518	2
519	2
520	2
521	2
522	2
523	2
524	2
525	1
526	1
527	1
529	1
530	1
531	1
534	1
535	1
536	1
537	1
540	1
541	1
542	1
545	1
546	1
547	1
552	1
553	1
554	1
556	0
563	1
564	1
565	1
566	1
567	1
568	1
569	1
582	0
584	0
593	0
598	0
603	0
611	0
614	0
617	0
624	0
628	0
633	0
634	0
635	0
636	0
637	0
638	0
639	0
640	0
643	0
644	0
645	0
647	0
648	0
652	0
653	0
654	0
656	0
657	0
658	0
659	0
660	0
---
1	0
5	0
10	0
14	0
21	0
28	0
31	0
34	0
39	0
41	0
46	0
48	0
50	0
55	0
57	0
75	0
87	0
92	0
94	0
99	0
102	0
110	0
113	0
117	0
121	0
125	0
130	1
131	1
132	1
134	1
135	1
136	1
139	1
140	1
141	1
143	1
144	1
145	1
147	1
148	1
149	1
151	1
152	1
155	1
156	1
158	1
159	1
161	1
162	1
164	1
165	1
168	1
169	1
171	1
172	1
174	1
175	1
177	1
178	1
180	1
181	1
183	1
185	1
186	1
188	1
189	1
191	1
193	1
194	1
196	1
198	1
200	1
201	1
203	1
205	1
207	1
209	1
210	1
211	1
212	1
213	1
214	1
215	1
216	2
217	1
218	1
220	1
223	1
224	1
225	1
227	1
229	1
231	1
232	1
236	1
237	1
239	1
240	1
242	1
243	1
245	1
246	1
248	1
249	1
251	1
252	1
254	1
255	1
256	1
258	1
259	1
262	2
263	2
265	1
266	2
267	2
268	2
269	2
271	1
272	1
274	1
275	1
276	1
278	1
279	1
280	1
282	1
283	1
284	1
285	1
288	1
289	1
290	1
291	1
295	1
296	1
297	1
298	0
299	1
300	1
301	1
302	1
303	1
304	1
305	1
306	1
307	1
308	1
309	1
314	1
315	0
316	1
318	0
327	0
329	0
331	0
340	0
355	0
363	0
366	0
369	0
379	0
395	0
399	0
404	0
410	0
416	0
423	0
424	0
436	0
437	1
439	1
441	1
442	1
444	1
446	1
447	1
449	1
451	1
453	1
454	1
456	1
458	1
460	1
461	1
462	1
463	1
465	1
467	1
469	1
471	1
473	1
475	1
476	1
477	1
478	1
480	1
482	1
484	1
485	1
487	2
488	2
489	1
490	2
491	2
492	2
493	2
494	2
495	2
496	2
497	2
498	2
499	2
500	2
501	2
502	2
503	2
504	2
505	2
506	2
507	1
509	1
510	2
511	2
512	2
513	2
514	2
515	2
516	2
517	2
518	2
519	2
520	2
521	2
522	2
523	2
524	2
525	1
526	1
527	1
529	1
530	1
531	1
534	1
535	1
536	1
537	1
540	1
541	1
542	1
545	1
546	1
547	1
548	1
550	0
552	1
553	1
554	1
555	0
557	0
558	1
559	1
562	0
581	1
583	0
592	0
599	0
607	0
610	0
613	0
616	0
619	0
623	0
631	0
644	0
645	0
646	0
649	0
650	0
651	0
652	0
655	0
656	0
658	0
659	0
660	0
661	0
---
4	0
8	0
12	0
16	0
23	0
35	0
40	0
45	0
47	0
54	0
56	0
65	0
67	0
69	0
71	0
88	0
95	0
103	0
115	0
122	0
127	0
128	0
129	1
130	1
132	1
133	1
134	1
137	1
138	1
139	1
142	1
143	1
146	1
147	1
150	1
151	1
153	1
154	1
156	1
157	1
158	1
160	1
161	1
163	1
164	1
166	1
167	1
170	1
171	1
173	1
174	1
176	1
177	1
179	1
180	1
182	1
184	1
185	1
187	1
188	1
190	1
192	1
193	1
195	1
197	1
198	1
200	1
202	1
204	1
205	1
206	1
207	1
209	1
211	1
213	1
215	1
216	2
217	2
218	2
220	1
223	1
225	1
227	1
229	1
231	1
232	1
235	1
237	1
239	1
240	1
242	1
243	1
245	1
246	1
248	1
249	1
251	1
252	1
254	1
255	1
256	1
258	1
259	1
262	2
263	1
264	1
265	1
266	2
267	2
268	2
269	2
270	1
273	1
274	1
277	1
278	1
280	1
281	1
282	1
283	1
286	1
287	1
288	1
292	1
293	1
294	1
295	1
296	1
297	1
299	1
300	1
301	1
302	1
303	1
304	1
305	1
314	1
323	1
330	0
332	0
341	0
346	0
351	0
356	0
359	0
374	0
377	0
381	0
397	0
407	0
413	0
419	0
427	0
428	0
433	1
434	1
436	1
439	1
441	1
442	1
444	1
446	1
447	1
449	1
451	1
453	1
454	1
456	1
458	1
460	1
462	1
463	1
465	1
467	1
469	1
471	1
473	1
474	1
475	1
476	1
477	1
478	2
479	1
481	1
483	1
485	1
486	1
487	2
488	2
490	2
491	2
492	2
493	2
494	2
495	2
496	2
497	2
498	2
499	2
500	2
501	2
502	2
503	2
504	2
505	2
506	2
507	1
508	1
509	1
510	2
511	2
512	2
513	2
514	2
515	2
516	2
517	2
518	2
519	2
520	2
521	2
522	2
523	2
524	2
525	1
527	1
528	1
529	1
532	1
533	1
534	1
537	1
538	1
539	1
542	1
543	1
544	1
545	1
548	1
549	0
551	0
556	1
558	1
559	1
560	0
563	0
564	1
565	1
566	1
567	1
568	1
569	1
584	0
586	0
593	0
603	0
611	0
614	0
617	0
624	0
628	0
633	0
634	0
635	0
641	0
642	0
643	0
646	0
647	0
652	0
653	0
656	0
657	0
658	0
659	0
661	0
---
Exiting...
